1.390000000000000000e+02
3.450000000000000000e+02
3.460000000000000000e+02
3.570000000000000000e+02
3.730000000000000000e+02
3.930000000000000000e+02
3.860000000000000000e+02
4.080000000000000000e+02
3.850000000000000000e+02
4.210000000000000000e+02
3.970000000000000000e+02
4.500000000000000000e+02
4.030000000000000000e+02
3.890000000000000000e+02
3.990000000000000000e+02
4.420000000000000000e+02
4.550000000000000000e+02
4.570000000000000000e+02
4.730000000000000000e+02
4.680000000000000000e+02
