1.410000000000000000e+02
3.960000000000000000e+02
4.190000000000000000e+02
4.690000000000000000e+02
4.920000000000000000e+02
4.780000000000000000e+02
5.030000000000000000e+02
4.850000000000000000e+02
4.800000000000000000e+02
4.950000000000000000e+02
5.110000000000000000e+02
5.140000000000000000e+02
5.060000000000000000e+02
5.240000000000000000e+02
5.030000000000000000e+02
5.080000000000000000e+02
5.230000000000000000e+02
5.020000000000000000e+02
5.160000000000000000e+02
4.740000000000000000e+02
