2.730000000000000000e+02
4.800000000000000000e+02
4.850000000000000000e+02
4.930000000000000000e+02
4.810000000000000000e+02
4.730000000000000000e+02
4.780000000000000000e+02
4.810000000000000000e+02
5.060000000000000000e+02
5.180000000000000000e+02
4.930000000000000000e+02
5.000000000000000000e+02
4.930000000000000000e+02
4.980000000000000000e+02
4.980000000000000000e+02
5.200000000000000000e+02
5.340000000000000000e+02
5.210000000000000000e+02
5.180000000000000000e+02
5.180000000000000000e+02
