9.400000000000000000e+01
3.080000000000000000e+02
3.460000000000000000e+02
4.030000000000000000e+02
4.280000000000000000e+02
4.430000000000000000e+02
4.430000000000000000e+02
4.800000000000000000e+02
4.750000000000000000e+02
4.560000000000000000e+02
4.660000000000000000e+02
4.670000000000000000e+02
4.680000000000000000e+02
4.710000000000000000e+02
4.620000000000000000e+02
4.640000000000000000e+02
4.960000000000000000e+02
4.580000000000000000e+02
4.760000000000000000e+02
4.660000000000000000e+02
