1.090000000000000000e+02
3.160000000000000000e+02
3.530000000000000000e+02
3.410000000000000000e+02
3.880000000000000000e+02
4.310000000000000000e+02
4.240000000000000000e+02
4.300000000000000000e+02
4.570000000000000000e+02
4.670000000000000000e+02
4.590000000000000000e+02
4.810000000000000000e+02
4.780000000000000000e+02
4.640000000000000000e+02
4.560000000000000000e+02
4.690000000000000000e+02
4.500000000000000000e+02
4.310000000000000000e+02
4.780000000000000000e+02
5.050000000000000000e+02
