1.620000000000000000e+02
4.150000000000000000e+02
4.110000000000000000e+02
4.530000000000000000e+02
4.700000000000000000e+02
4.570000000000000000e+02
4.840000000000000000e+02
4.350000000000000000e+02
4.640000000000000000e+02
4.990000000000000000e+02
4.360000000000000000e+02
4.940000000000000000e+02
5.070000000000000000e+02
4.880000000000000000e+02
4.920000000000000000e+02
5.000000000000000000e+02
5.090000000000000000e+02
4.640000000000000000e+02
4.860000000000000000e+02
4.550000000000000000e+02
