1.340000000000000000e+02
4.090000000000000000e+02
4.290000000000000000e+02
4.110000000000000000e+02
4.320000000000000000e+02
4.330000000000000000e+02
4.350000000000000000e+02
4.720000000000000000e+02
4.570000000000000000e+02
4.890000000000000000e+02
4.870000000000000000e+02
5.010000000000000000e+02
4.960000000000000000e+02
4.840000000000000000e+02
4.770000000000000000e+02
5.090000000000000000e+02
4.770000000000000000e+02
5.070000000000000000e+02
4.910000000000000000e+02
5.070000000000000000e+02
