1.460000000000000000e+02
3.210000000000000000e+02
3.370000000000000000e+02
3.510000000000000000e+02
3.340000000000000000e+02
3.280000000000000000e+02
2.980000000000000000e+02
3.160000000000000000e+02
3.840000000000000000e+02
4.180000000000000000e+02
4.400000000000000000e+02
4.520000000000000000e+02
4.110000000000000000e+02
4.270000000000000000e+02
4.270000000000000000e+02
4.280000000000000000e+02
4.430000000000000000e+02
4.380000000000000000e+02
4.570000000000000000e+02
4.360000000000000000e+02
