3.900000000000000000e+01
3.240000000000000000e+02
3.890000000000000000e+02
4.190000000000000000e+02
4.190000000000000000e+02
4.230000000000000000e+02
4.070000000000000000e+02
4.280000000000000000e+02
4.240000000000000000e+02
4.260000000000000000e+02
4.580000000000000000e+02
4.400000000000000000e+02
4.290000000000000000e+02
4.390000000000000000e+02
4.360000000000000000e+02
4.270000000000000000e+02
4.380000000000000000e+02
4.300000000000000000e+02
4.370000000000000000e+02
4.530000000000000000e+02
