1.340000000000000000e+02
3.530000000000000000e+02
3.870000000000000000e+02
4.090000000000000000e+02
3.930000000000000000e+02
4.310000000000000000e+02
4.380000000000000000e+02
4.400000000000000000e+02
4.320000000000000000e+02
4.370000000000000000e+02
4.320000000000000000e+02
4.330000000000000000e+02
4.360000000000000000e+02
4.170000000000000000e+02
4.550000000000000000e+02
4.190000000000000000e+02
4.600000000000000000e+02
4.300000000000000000e+02
4.300000000000000000e+02
4.360000000000000000e+02
