2.990000000000000000e+02
4.640000000000000000e+02
4.580000000000000000e+02
4.440000000000000000e+02
4.430000000000000000e+02
4.470000000000000000e+02
4.430000000000000000e+02
4.420000000000000000e+02
4.270000000000000000e+02
4.520000000000000000e+02
4.530000000000000000e+02
4.510000000000000000e+02
4.630000000000000000e+02
4.540000000000000000e+02
4.770000000000000000e+02
4.820000000000000000e+02
4.790000000000000000e+02
4.740000000000000000e+02
4.910000000000000000e+02
4.870000000000000000e+02
