1.870000000000000000e+02
3.930000000000000000e+02
4.340000000000000000e+02
4.330000000000000000e+02
4.400000000000000000e+02
4.230000000000000000e+02
4.600000000000000000e+02
4.730000000000000000e+02
4.390000000000000000e+02
4.450000000000000000e+02
4.610000000000000000e+02
4.470000000000000000e+02
4.780000000000000000e+02
4.760000000000000000e+02
4.620000000000000000e+02
5.040000000000000000e+02
4.710000000000000000e+02
4.940000000000000000e+02
4.760000000000000000e+02
4.880000000000000000e+02
