1.310000000000000000e+02
3.850000000000000000e+02
4.320000000000000000e+02
4.430000000000000000e+02
4.740000000000000000e+02
4.610000000000000000e+02
4.670000000000000000e+02
4.560000000000000000e+02
4.730000000000000000e+02
4.780000000000000000e+02
5.050000000000000000e+02
4.780000000000000000e+02
4.790000000000000000e+02
4.850000000000000000e+02
4.860000000000000000e+02
5.090000000000000000e+02
5.080000000000000000e+02
4.570000000000000000e+02
5.120000000000000000e+02
5.140000000000000000e+02
