7.700000000000000000e+01
2.140000000000000000e+02
3.790000000000000000e+02
4.050000000000000000e+02
4.210000000000000000e+02
4.280000000000000000e+02
4.710000000000000000e+02
4.600000000000000000e+02
4.920000000000000000e+02
4.720000000000000000e+02
4.870000000000000000e+02
4.920000000000000000e+02
5.060000000000000000e+02
5.070000000000000000e+02
5.010000000000000000e+02
4.920000000000000000e+02
5.120000000000000000e+02
5.280000000000000000e+02
5.280000000000000000e+02
5.210000000000000000e+02
