9.500000000000000000e+01
3.040000000000000000e+02
3.110000000000000000e+02
3.380000000000000000e+02
3.770000000000000000e+02
3.820000000000000000e+02
3.590000000000000000e+02
4.160000000000000000e+02
3.890000000000000000e+02
4.020000000000000000e+02
4.680000000000000000e+02
4.520000000000000000e+02
4.700000000000000000e+02
4.980000000000000000e+02
4.900000000000000000e+02
4.570000000000000000e+02
4.960000000000000000e+02
4.940000000000000000e+02
5.050000000000000000e+02
5.220000000000000000e+02
