1.920000000000000000e+02
3.080000000000000000e+02
3.100000000000000000e+02
3.280000000000000000e+02
3.150000000000000000e+02
3.590000000000000000e+02
3.950000000000000000e+02
4.190000000000000000e+02
4.380000000000000000e+02
4.480000000000000000e+02
4.430000000000000000e+02
4.380000000000000000e+02
4.550000000000000000e+02
4.370000000000000000e+02
4.630000000000000000e+02
4.440000000000000000e+02
4.500000000000000000e+02
4.510000000000000000e+02
4.630000000000000000e+02
4.560000000000000000e+02
