1.950000000000000000e+02
4.010000000000000000e+02
3.970000000000000000e+02
3.980000000000000000e+02
3.910000000000000000e+02
3.970000000000000000e+02
3.530000000000000000e+02
3.880000000000000000e+02
3.980000000000000000e+02
3.950000000000000000e+02
4.000000000000000000e+02
4.010000000000000000e+02
3.960000000000000000e+02
3.980000000000000000e+02
3.880000000000000000e+02
3.750000000000000000e+02
3.820000000000000000e+02
3.930000000000000000e+02
3.740000000000000000e+02
3.970000000000000000e+02
