1.480000000000000000e+02
3.700000000000000000e+02
3.560000000000000000e+02
3.930000000000000000e+02
3.870000000000000000e+02
3.780000000000000000e+02
3.950000000000000000e+02
4.320000000000000000e+02
4.180000000000000000e+02
4.360000000000000000e+02
4.190000000000000000e+02
4.420000000000000000e+02
4.540000000000000000e+02
4.400000000000000000e+02
4.400000000000000000e+02
4.610000000000000000e+02
4.330000000000000000e+02
4.430000000000000000e+02
4.520000000000000000e+02
4.730000000000000000e+02
