1.490000000000000000e+02
3.780000000000000000e+02
4.080000000000000000e+02
4.210000000000000000e+02
4.260000000000000000e+02
4.410000000000000000e+02
4.360000000000000000e+02
3.100000000000000000e+02
3.430000000000000000e+02
4.170000000000000000e+02
3.280000000000000000e+02
4.640000000000000000e+02
4.770000000000000000e+02
4.710000000000000000e+02
4.810000000000000000e+02
5.170000000000000000e+02
4.970000000000000000e+02
5.000000000000000000e+02
5.110000000000000000e+02
5.100000000000000000e+02
