1.490000000000000000e+02
3.830000000000000000e+02
4.260000000000000000e+02
4.070000000000000000e+02
4.260000000000000000e+02
4.120000000000000000e+02
4.300000000000000000e+02
4.370000000000000000e+02
4.420000000000000000e+02
4.530000000000000000e+02
4.500000000000000000e+02
4.380000000000000000e+02
4.590000000000000000e+02
4.370000000000000000e+02
4.320000000000000000e+02
4.510000000000000000e+02
4.490000000000000000e+02
4.560000000000000000e+02
4.720000000000000000e+02
4.360000000000000000e+02
