1.390000000000000000e+02
4.330000000000000000e+02
4.850000000000000000e+02
4.860000000000000000e+02
4.980000000000000000e+02
5.100000000000000000e+02
5.040000000000000000e+02
4.850000000000000000e+02
5.090000000000000000e+02
4.950000000000000000e+02
4.980000000000000000e+02
4.950000000000000000e+02
5.250000000000000000e+02
5.010000000000000000e+02
5.240000000000000000e+02
5.230000000000000000e+02
5.180000000000000000e+02
5.140000000000000000e+02
5.240000000000000000e+02
5.330000000000000000e+02
