1.640000000000000000e+02
4.490000000000000000e+02
4.460000000000000000e+02
4.460000000000000000e+02
4.620000000000000000e+02
4.570000000000000000e+02
4.680000000000000000e+02
4.700000000000000000e+02
4.700000000000000000e+02
4.860000000000000000e+02
4.480000000000000000e+02
4.680000000000000000e+02
4.830000000000000000e+02
4.660000000000000000e+02
4.770000000000000000e+02
4.530000000000000000e+02
4.560000000000000000e+02
4.560000000000000000e+02
4.590000000000000000e+02
4.700000000000000000e+02
