1.950000000000000000e+02
4.570000000000000000e+02
4.560000000000000000e+02
4.680000000000000000e+02
4.690000000000000000e+02
4.820000000000000000e+02
4.640000000000000000e+02
4.820000000000000000e+02
4.430000000000000000e+02
4.980000000000000000e+02
4.730000000000000000e+02
5.120000000000000000e+02
4.840000000000000000e+02
4.860000000000000000e+02
4.600000000000000000e+02
4.890000000000000000e+02
4.950000000000000000e+02
4.850000000000000000e+02
5.010000000000000000e+02
5.080000000000000000e+02
