1.590000000000000000e+02
3.760000000000000000e+02
4.120000000000000000e+02
4.230000000000000000e+02
4.500000000000000000e+02
4.420000000000000000e+02
4.330000000000000000e+02
4.470000000000000000e+02
4.580000000000000000e+02
4.610000000000000000e+02
4.900000000000000000e+02
4.640000000000000000e+02
4.950000000000000000e+02
4.790000000000000000e+02
4.700000000000000000e+02
4.690000000000000000e+02
4.700000000000000000e+02
4.770000000000000000e+02
4.430000000000000000e+02
4.650000000000000000e+02
