2.340000000000000000e+02
3.750000000000000000e+02
4.260000000000000000e+02
4.200000000000000000e+02
3.620000000000000000e+02
4.160000000000000000e+02
4.740000000000000000e+02
4.760000000000000000e+02
4.920000000000000000e+02
5.100000000000000000e+02
5.030000000000000000e+02
5.070000000000000000e+02
5.150000000000000000e+02
4.990000000000000000e+02
5.070000000000000000e+02
5.280000000000000000e+02
5.170000000000000000e+02
5.150000000000000000e+02
5.330000000000000000e+02
5.270000000000000000e+02
