1.100000000000000000e+02
3.230000000000000000e+02
3.650000000000000000e+02
3.600000000000000000e+02
3.800000000000000000e+02
3.570000000000000000e+02
3.740000000000000000e+02
4.230000000000000000e+02
4.040000000000000000e+02
4.450000000000000000e+02
4.150000000000000000e+02
4.180000000000000000e+02
4.330000000000000000e+02
4.260000000000000000e+02
4.320000000000000000e+02
4.300000000000000000e+02
4.390000000000000000e+02
4.670000000000000000e+02
4.420000000000000000e+02
4.670000000000000000e+02
