8.800000000000000000e+01
2.860000000000000000e+02
3.100000000000000000e+02
4.110000000000000000e+02
3.640000000000000000e+02
3.950000000000000000e+02
3.810000000000000000e+02
4.110000000000000000e+02
4.210000000000000000e+02
4.670000000000000000e+02
4.610000000000000000e+02
4.490000000000000000e+02
4.540000000000000000e+02
4.200000000000000000e+02
4.520000000000000000e+02
4.360000000000000000e+02
4.400000000000000000e+02
4.530000000000000000e+02
4.470000000000000000e+02
4.530000000000000000e+02
